10
10.9
13.1
20.266667
21
22.933333
23.2
27.166667
41.566667
41.866667
42.8
82.566667
87.233333
87.633333
99.933333
102.7
103.566667
119.133333
281.033333
313.466667
313.566667
373.533333
393.533333
393.6
408.433333
408.466667
408.5
415.733333
416.3
558.833333
567.666667
573.766667
595.8
600.3
625.866667
625.9
625.933333
662.8
666.333333
666.433333
681.533333
688.433333
688.466667
688.5
690.5
691.433333
696.466667
719.9
726.966667
733.833333
733.966667
736.866667
740.766667
740.833333
740.866667
740.933333
741
754.033333
755.766667
756.533333
795.166667
799.4
802.166667
806.466667
806.5
806.533333
811.3
811.333333
833.666667
836.166667
844.733333
844.766667
844.8
844.833333
846.966667
854.766667
854.866667
891.2
892.066667
893.633333
896.5
907.033333
907.066667
907.1
909.233333
909.266667
909.3
909.333333
929.7
942.5
942.533333
942.566667
943.033333
946.766667
946.8
950.733333
951.166667
952.966667
954.166667
958.6
958.733333
959.8
961.466667
961.966667
964.333333
968.933333
968.966667
970.266667
970.3
970.333333
971.1
971.133333
972.166667
972.266667
975.466667
977.533333
977.633333
978.133333
992.066667
992.133333
992.233333
992.866667
993.1
994.066667
995.066667
997.166667
998.8
1005.6
1006.9
1007.5
1010.1
1014.6
1015.7
1019
1031.666667
1034.366667
1034.433333
1034.466667
1046.966667
1050.366667
1050.4
1050.433333
1054.433333
1054.466667
1055.866667
1057.666667
1057.7
1058.933333
1059.333333
1059.966667
1060.233333
1060.6
1060.766667
1062.4
1062.5
1062.533333
1064.633333
1064.733333
1066.266667
1066.433333
1066.5
1067
1067.566667
1068.266667
1068.433333
1068.5
1069.266667
1071.266667
1074.5
1078.166667
1082.8
1084.633333
1085.9
1089.266667
1091.966667
1092.066667
1097.4
1103
1125.8
1125.833333
1125.866667
1127.433333
1127.466667
1142.033333
1142.066667
1142.1
1144.233333
1144.366667
1204.8
1209.233333
1210.5
1219.166667
1221.133333
1221.266667
1237.9
1238.433333
1241.1
1270.266667
1297.866667
1298
1298.333333
1313.266667
1314.5
1327.5
1336.333333
1338.633333
1339.066667
1342.533333
1364.566667
1364.6
1364.666667
1367.1
1367.2
1370.866667
1370.933333
1374.366667
1374.4
1402.066667
1411.533333
1411.933333
1412.6
1413.166667
1413.333333
1415.3
1418.866667
1421.633333
1433.433333
1434
1434.566667
